

#		 -.-.-.-.-.-.-.-|-.-.-.-.-.-.-.-
LD	rd,rs	|0 1| rd  | rs  |
LD	rd,n	|0 0| rd  |1 1 0| n		|
LD	rd,(HL)	|0 1| rd  |1 1 0|
LD	rd,IXd	|1 1 0 1 1 1 0 1|0 1| rd  |1 1 0| d		|
LD	rd,IYd	|1 1 1 1 1 1 0 1|0 1| rd  |1 1 0| d		|
LD	(HL),rs	|0 1 1 1 0| rs  |
LD	IXd,rs	|1 1 0 1 1 1 0 1|0 1 1 1 0| rs	| d		|
LD	IYd,rs	|1 1 1 1 1 1 0 1|0 1 1 1 0| rs	| d		|
LD	(HL),n	|0 0 1 1 0 1 1 0| n		|
LD	(IXd),n	|1 1 0 1 1 1 0 1|0 0 1 1 0 1 1 0| d		| n		|
LD	(IYd),n	|1 1 1 1 1 1 0 1|0 0 1 1 0 1 1 0| d		| n		|
LD	A,(BC)	|0 0 0 0 1 0 1 0|
LD	A,(DE)	|0 0 0 1 1 0 1 0|
LD	A,(nn)	|0 0 1 1 1 0 1 0| n1		| n2		|
LD	(BC),A	|0 0 0 0 0 0 1 0|
LD	(DE),A	|0 0 0 1 0 0 1 0|
LD	(nn),A	|0 0 1 1 0 0 1 0| n1		| n2		|
LD	A,I	|1 1 1 0 1 1 0 1|0 1 0 1 0 1 1 1|
LD	A,R	|1 1 1 0 1 1 0 1|0 1 0 1 1 1 1 1|
LD	I,A	|1 1 1 0 1 1 0 1|0 1 0 0 0 1 1 1|
LD	R,A	|1 1 1 0 1 1 0 1|0 1 0 0 1 1 1 1|
LD	dd,nn	|0 0| dd|0 0 0 1| n1		| n2		|
LD	IX,nn	|1 1 0 1 1 1 0 1|0 0 1 0 0 0 0 1| n1		| n2		|
LD	IY,nn	|1 1 1 1 1 1 0 1|0 0 1 0 0 0 0 1| n1		| n2		|
LD	HL,(nn)	|0 0 1 0 1 0 1 0| n1		| n2		|
LD	dd,(nn)	|1 1 1 0 1 1 0 1|0 1| dd|1 0 1 1| n1		| n2		|
LD	IX,(nn)	|1 1 0 1 1 1 0 1|0 0 1 0 1 0 1 0| n1		| n2		|
LD	IY,(nn)	|1 1 1 1 1 1 0 1|0 0 1 0 1 0 1 0| n1		| n2		|
LD	(nn),HL	|0 0 1 0 0 0 1 0| n1		| n2		|
LD	(nn),dd	|1 1 1 0 1 1 0 1|0 1| dd|0 0 1 1| n1		| n2		|
LD	(nn),IX	|1 1 0 1 1 1 0 1|0 0 1 0 0 0 1 0| n1		| n2		|
LD	(nn),IY	|1 1 1 1 1 1 0 1|0 0 1 0 0 0 1 0| n1		| n2		|
LD	SP,HL	|1 1 1 1 1 0 0 1|
LD	SP,IX	|1 1 0 1 1 1 0 1|1 1 1 1 1 0 0 1|
LD	SP,IX	|1 1 1 1 1 1 0 1|1 1 1 1 1 0 0 1|
PUSH	qq	|1 1| qq|0 1 0 1|
PUSH	IX	|1 1 0 1 1 1 0 1|1 1 1 0 0 1 0 1|
PUSH	IY	|1 1 1 1 1 1 0 1|1 1 1 0 0 1 0 1|
POP	qq	|1 1| qq|0 0 0 1|
POP	IX	|1 1 0 1 1 1 0 1|1 1 1 0 0 0 0 1|
POP	IY	|1 1 0 1 1 1 0 1|1 1 1 1 1 1 0 1|
EX	DE,HL	|1 1 1 0 1 0 1 1|
EX	AF,AF'	|0 0 0 0 1 0 0 0|
EXX	-	|1 1 0 1 1 0 0 0|
EX	(SP),HL	|1 1 1 0 0 0 1 1|
EX	(SP),IX	|1 1 0 1 1 1 0 1|1 1 1 0 0 0 1 1|
EX	(SP),IY	|1 1 1 1 1 1 0 1|1 1 1 0 0 0 1 1|
LDI	-	|1 1 1 0 1 1 0 1|1 0 1 0 0 0 0 0|
LDIR	-	|1 1 1 0 1 1 0 1|1 0 1 1 0 0 0 0|
LDD	-	|1 1 1 0 1 1 0 1|1 0 1 0 1 0 0 0|
LDDR	-	|1 1 1 0 1 1 0 1|1 0 1 1 1 0 0 0|
CPI	-	|1 1 1 0 1 1 0 1|1 0 1 0 0 0 0 1|
CPIR	-	|1 1 1 0 1 1 0 1|1 0 1 1 0 0 0 1|
CPD	-	|1 1 1 0 1 1 0 1|1 0 1 0 1 0 0 1|
CPDR	-	|1 1 1 0 1 1 0 1|1 0 1 1 1 0 0 1|
ADD	A,rs	|1 0|0 0 0| rs	|
ADD	A,n	|1 1|0 0 0|1 1 0| n		|
ADD	A,(HL)	|1 0|0 0 0|1 1 0|
ADD	A,IXd	|1 1 0 1 1 1 0 1|1 0|0 0 0|1 1 0| d		|
ADD	A,IYd	|1 1 1 1 1 1 0 1|1 0|0 0 0|1 1 0| d		|

ADC	A,rs	|1 0|0 0 1| rs	|
ADC	A,n	|1 1|0 0 1|1 1 0| n		|
ADC	A,(HL)	|1 0|0 0 1|1 1 0|
ADC	A,IXd	|1 1 0 1 1 1 0 1|1 0|0 0 1|1 1 0| d		|
ADC	A,IYd	|1 1 1 1 1 1 0 1|1 0|0 0 1|1 1 0| d		|

SUB	A,rs	|1 0|0 1 0| rs	|
SUB	A,n	|1 1|0 1 0|1 1 0| n		|
SUB	A,(HL)	|1 0|0 1 0|1 1 0|
SUB	A,IXd	|1 1 0 1 1 1 0 1|1 0|0 1 0|1 1 0| d		|
SUB	A,IYd	|1 1 1 1 1 1 0 1|1 0|0 1 0|1 1 0| d		|

SBC	A,rs	|1 0|0 1 1| rs	|
SBC	A,n	|1 1|0 1 1|1 1 0| n		|
SBC	A,(HL)	|1 0|0 1 1|1 1 0|
SBC	A,IXd	|1 1 0 1 1 1 0 1|1 0|0 1 1|1 1 0| d		|
SBC	A,IYd	|1 1 1 1 1 1 0 1|1 0|0 1 1|1 1 0| d		|

AND	A,rs	|1 0|1 0 0| rs	|
AND	A,n	|1 1|1 0 0|1 1 0| n		|
AND	A,(HL)	|1 0|1 0 0|1 1 0|
AND	A,IXd	|1 1 0 1 1 1 0 1|1 0|1 0 0|1 1 0| d		|
AND	A,IYd	|1 1 1 1 1 1 0 1|1 0|1 0 0|1 1 0| d		|

XOR	A,rs	|1 0|1 0 1| rs	|
XOR	A,n	|1 1|1 0 1|1 1 0| n		|
XOR	A,(HL)	|1 0|1 0 1|1 1 0|
XOR	A,IXd	|1 1 0 1 1 1 0 1|1 0|1 0 1|1 1 0| d		|
XOR	A,IYd	|1 1 1 1 1 1 0 1|1 0|1 0 1|1 1 0| d		|

OR	A,rs	|1 0|1 1 0| rs	|
OR	A,n	|1 1|1 1 0|1 1 0| n		|
OR	A,(HL)	|1 0|1 1 0|1 1 0|
OR	A,IXd	|1 1 0 1 1 1 0 1|1 0|1 1 0|1 1 0| d		|
OR	A,IYd	|1 1 1 1 1 1 0 1|1 0|1 1 0|1 1 0| d		|

CP	A,rs	|1 0|1 1 1| rs	|
CP	A,n	|1 1|1 1 1|1 1 0| n		|
CP	A,(HL)	|1 0|1 1 1|1 1 0|
CP	A,IXd	|1 1 0 1 1 1 0 1|1 0|1 1 1|1 1 0| d		|
CP	A,IYd	|1 1 1 1 1 1 0 1|1 0|1 1 1|1 1 0| d		|

INC	rd	|0 0|  rd |1 0 0|
INC	(HL)	|0 0|1 1 0|1 0 0|
INC	IXd	|1 1 0 1 1 1 0 1|0 0 1 1 0|1 0 0| d		|
INC	IYd	|1 1 1 1 1 1 0 1|0 0 1 1 0|1 0 0| d		|
DEC	rd	|0 0|  rd |1 0 1|
DEC	(HL)	|0 0|1 1 0|1 0 1|
DEC	IXd	|1 1 0 1 1 1 0 1|0 0 1 1 0|1 0 1| d		|
DEC	IYd	|1 1 1 1 1 1 0 1|0 0 1 1 0|1 0 1| d		|

DAA	-	|0 0 1 0 0 1 1 1|
CPL	-	|0 0 1 0 1 1 1 1|
NEG	-	|1 1 1 0 1 1 0 1|0 1 0 0 0 1 0 0|
CCF	-	|0 0 1 1 1 1 1 1|
SCF	-	|0 0 1 1 0 1 1 1|
NOP	-	|0 0 0 0 0 0 0 0|
HALT	-	|0 1 1 1 0 1 1 0|
DI	-	|1 1 1 1 0 0 1 1|
EI	-	|1 1 1 1 1 0 1 1|
IM	0	|1 1 1 0 1 1 0 1|0 1 0 0 0 1 1 0|
IM	1	|1 1 1 0 1 1 0 1|0 1 0 1 0 1 1 0|
IM	2	|1 1 1 0 1 1 0 1|0 1 0 1 1 1 1 0|

ADD	HL,dd	|0 0| dd|1|0 0 1|
ADC	HL,dd	|1 1|1 0 1|1 0 1|0 1| dd|1 0 1 0|
SBC	HL,dd	|1 1|1 0 1|1 0 1|0 1| dd|0 0 1 0|
ADD	IX,pp	|1 1 0 1 1 1 0 1|0 1| pp|1 0 0 1|
ADD	IY,rr	|1 1 1 1 1 1 0 1|0 1| rr|1 0 0 1|
INC	dd	|0 0| dd|0 0 1 1|
INC	IX	|1 1 0 1 1 1 0 1|0 0 1 0 0 0 1 1|
INC	IY	|1 1 1 1 1 1 0 1|0 0 1 0 0 0 1 1|
DEC	dd	|0 0| dd|1 0 1 1|
DEC	IX	|1 1 0 1 1 1 0 1|0 0 1 0 1 0 1 1|
DEC	IY	|1 1 1 1 1 1 0 1|0 0 1 0 1 0 1 1|

RLCA	-	|0 0 0 0 0 1 1 1|
RLA	-	|0 0 0 1 0 1 1 1|
RRCA	-	|0 0 0 0 1 1 1 1|
RRA	-	|0 0 0 1 1 1 1 1|

RLC	rs	|1 1 0 0 1 0 1 1|0 0|0 0 0|  rs |
RLC	(HL)	|1 1 0 0 1 0 1 1|0 0|0 0 0|1 1 0|
RLC	IXd	|1 1 0 1 1 1 0 1|1 1 0 0 1 0 1 1| d		|0 0|0 0 0|1 1 0|
RLC	IYd	|1 1 1 1 1 1 0 1|1 1 0 0 1 0 1 1| d		|0 0|0 0 0|1 1 0|

RL	rs	|1 1 0 0 1 0 1 1|0 0|0 1 0|  rs |
RL	(HL)	|1 1 0 0 1 0 1 1|0 0|0 1 0|1 1 0|
RL	IXd	|1 1 0 1 1 1 0 1|1 1 0 0 1 0 1 1| d		|0 0|0 1 0|1 1 0|
RL	IYd	|1 1 1 1 1 1 0 1|1 1 0 0 1 0 1 1| d		|0 0|0 1 0|1 1 0|

RRC	rs	|1 1 0 0 1 0 1 1|0 0|0 0 1|  rs |
RRC	(HL)	|1 1 0 0 1 0 1 1|0 0|0 0 1|1 1 0|
RRC	IXd	|1 1 0 1 1 1 0 1|1 1 0 0 1 0 1 1| d		|0 0|0 0 1|1 1 0|
RRC	IYd	|1 1 1 1 1 1 0 1|1 1 0 0 1 0 1 1| d		|0 0|0 0 1|1 1 0|

RR	rs	|1 1 0 0 1 0 1 1|0 0|0 1 1|  rs |
RR	(HL)	|1 1 0 0 1 0 1 1|0 0|0 1 1|1 1 0|
RR	IXd	|1 1 0 1 1 1 0 1|1 1 0 0 1 0 1 1| d		|0 0|0 1 1|1 1 0|
RR	IYd	|1 1 1 1 1 1 0 1|1 1 0 0 1 0 1 1| d		|0 0|0 1 1|1 1 0|

SLA	rs	|1 1 0 0 1 0 1 1|0 0|1 0 0|  rs |
SLA	(HL)	|1 1 0 0 1 0 1 1|0 0|1 0 0|1 1 0|
SLA	IXd	|1 1 0 1 1 1 0 1|1 1 0 0 1 0 1 1| d		|0 0|1 0 0|1 1 0|
SLA	IYd	|1 1 1 1 1 1 0 1|1 1 0 0 1 0 1 1| d		|0 0|1 0 0|1 1 0|

SRA	rs	|1 1 0 0 1 0 1 1|0 0|1 0 1|  rs |
SRA	(HL)	|1 1 0 0 1 0 1 1|0 0|1 0 1|1 1 0|
SRA	IXd	|1 1 0 1 1 1 0 1|1 1 0 0 1 0 1 1| d		|0 0|1 0 1|1 1 0|
SRA	IYd	|1 1 1 1 1 1 0 1|1 1 0 0 1 0 1 1| d		|0 0|1 0 1|1 1 0|

SRL	rs	|1 1 0 0 1 0 1 1|0 0|1 1 1|  rs |
SRL	(HL)	|1 1 0 0 1 0 1 1|0 0|1 1 1|1 1 0|
SRL	IXd	|1 1 0 1 1 1 0 1|1 1 0 0 1 0 1 1| d		|0 0|1 1 1|1 1 0|
SRL	IYd	|1 1 1 1 1 1 0 1|1 1 0 0 1 0 1 1| d		|0 0|1 1 1|1 1 0|

RLD	-	|1 1 1 0 1 1 0 1|0 1 1 0 1 1 1 1|
RRD	-	|1 1 1 0 1 1 0 1|0 1 1 0 0 1 1 1|

BIT	b,rs	|1 1 0 0 1 0 1 1|0 1|  b  |  rs |
BIT	b,(HL)	|1 1 0 0 1 0 1 1|0 1|  b  |1 1 0|
BIT	b,IXd	|1 1 0 1 1 1 0 1|1 1 0 0 1 0 1 1| d		|0 1|  b  |1 1 0|
BIT	b,IYd	|1 1 1 1 1 1 0 1|1 1 0 0 1 0 1 1| d		|0 1|  b  |1 1 0|

SET	b,rd	|1 1 0 0 1 0 1 1|1 1|  b  |  rd |
SET	b,(HL)	|1 1 0 0 1 0 1 1|1 1|  b  |1 1 0|
SET	b,IXd	|1 1 0 1 1 1 0 1|1 1 0 0 1 0 1 1| d		|1 1|  b  |1 1 0|
SET	b,IYd	|1 1 1 1 1 1 0 1|1 1 0 0 1 0 1 1| d		|1 1|  b  |1 1 0|

RES	b,rd	|1 1 0 0 1 0 1 1|1 0|  b  |  rd |
RES	b,(HL)	|1 1 0 0 1 0 1 1|1 0|  b  |1 1 0|
RES	b,IXd	|1 1 0 1 1 1 0 1|1 1 0 0 1 0 1 1| d		|1 0|  b  |1 1 0|
RES	b,IYd	|1 1 1 1 1 1 0 1|1 1 0 0 1 0 1 1| d		|1 0|  b  |1 1 0|

JP	nn	|1 1 0 0 0 0 1 1| n1		| n2		|
JP	cc,nn	|1 1| cc  |0 1 0| n1		| n2		|
JR	e	|0 0 0 1 1 0 0 0| e		|
JR	C,e	|0 0 1 1 1 0 0 0| e		|
JR	NC,e	|0 0 1 1 0 0 0 0| e		|
JR	Z,e	|0 0 1 0 1 0 0 0| e		|
JR	NZ,e	|0 0 1 0 0 0 0 0| e		|
JP	(HL)	|1 1 1 0 1 0 0 1|
JP	(IX)	|1 1 0 1 1 1 0 1|1 1 1 0 1 0 0 1|
JP	(IY)	|1 1 1 1 1 1 0 1|1 1 1 0 1 0 0 1|
DJNZ	e	|0 0 0 1 0 0 0 0| e		|

CALL	nn	|1 1 0 0 1 1 0 1| n1		| n2		|
CALL	cc,nn	|1 1|  cc |1 0 0| n1		| n2		|
RET	-	|1 1 0 0 1 0 0 1|
RET	cc	|1 1|  cc |0 0 0|
RETI	-	|1 1 1 0 1 1 0 1|0 1 0 0 1 1 0 1|
RETN	-	|1 1 1 0 1 1 0 1|0 1 0 0 0 1 0 1|
RST	t	|1 1|  t  |1 1 1|

IN	A,(i)	|1 1 0 1 1 0 1 1| io		|
IN	r,(C)	|1 1 1 0 1 1 0 1|0 1|  r  |0 0 0|
INI	-	|1 1 1 0 1 1 0 1|1 0 1 0 0 0 1 0|
INIR	-	|1 1 1 0 1 1 0 1|1 0 1 1 0 0 1 0|
IND	-	|1 1 1 0 1 1 0 1|1 0 1 0 1 0 1 0|
INDR	-	|1 1 1 0 1 1 0 1|1 0 1 1 1 0 1 0|

OUT	(o),A	|1 1 0 1 0 0 1 1| io		|
OUT	(C),r	|1 1 1 0 1 1 0 1|0 1|  r  |0 0 1|

OUTI	-	|1 1 1 0 1 1 0 1|1 0 1 0 0 0 1 1|
OUTIR	-	|1 1 1 0 1 1 0 1|1 0 1 1 0 0 1 1|
OUTD	-	|1 1 1 0 1 1 0 1|1 0 1 0 1 0 1 1|
OUTDR	-	|1 1 1 0 1 1 0 1|1 0 1 1 1 0 1 1|
