# Machine generated file, see rd_mupar.py

.NEXTOPERATION       "" |0|0|0|0|0|1|0|0|0|1|1|1|0|1|0|0|
.RETURNANSWER        "" |0|0|0|0|0|1|0|0|0|1|1|1|0|1|0|1|
.CLEARDEVICE         "" |0|0|0|0|0|1|0|0|0|1|1|1|0|1|1|0|
.SETINTERRUPT        "" |0|0|0|0|0|1|0|0|0|1|1|1|1|0|0|0|
.SETRESERVATION      "" |0|0|0|0|0|1|0|0|0|1|1|1|1|0|0|1|
.SETCONVERSION       "" |0|0|0|0|0|1|0|0|0|1|1|1|1|0|1|0|
.CONBYTE             "" |0|0|0|0|0|1|0|0|0|1|1|1|1|0|1|1|
.GETBYTE             "" |0|0|0|0|0|1|0|0|0|1|1|1|1|1|0|0|
.PUTBYTE             "" |0|0|0|0|0|1|0|0|0|1|1|1|1|1|0|1|
.MULTIPLY            "" |0|0|0|0|0|1|0|0|0|1|1|1|1|1|1|0|
.DIVIDE              "" |0|0|0|0|0|1|0|0|0|1|1|1|1|1|1|1|
.GETREC              "" |0|0|0|0|0|1|0|0|1|0|0|0|0|0|0|0|
.PUTREC              "" |0|0|0|0|0|1|0|0|1|0|0|0|0|0|0|1|
.WAITTRANSFER        "" |0|0|0|0|0|1|0|0|1|0|0|0|0|0|1|0|
.REPEATSHARE         "" |0|0|0|0|0|1|0|0|1|0|0|0|0|0|1|1|
.TRANSFER            "" |0|0|0|0|0|1|0|0|1|0|0|0|0|1|0|0|
.INBLOCK             "" |0|0|0|0|0|1|0|0|1|0|0|0|0|1|0|1|
.OUTBLOCK            "" |0|0|0|0|0|1|0|0|1|0|0|0|0|1|1|0|
.INCHAR              "" |0|0|0|0|0|1|0|0|1|0|0|0|0|1|1|1|
.FREESHARE           "" |0|0|0|0|0|1|0|0|1|0|0|0|1|0|0|0|
.OUTSPACE            "" |0|0|0|0|0|1|0|0|1|0|0|0|1|0|0|1|
.OUTCHAR             "" |0|0|0|0|0|1|0|0|1|0|0|0|1|0|1|0|
.OUTNL               "" |0|0|0|0|0|1|0|0|1|0|0|0|1|0|1|1|
.OUTEND              "" |0|0|0|0|0|1|0|0|1|0|0|0|1|1|0|0|
.OUTTEXT             "" |0|0|0|0|0|1|0|0|1|0|0|0|1|1|0|1|
.OUTOCTAL            "" |0|0|0|0|0|1|0|0|1|0|0|0|1|1|1|0|
.SETPOSITION         "" |0|0|0|0|0|1|0|0|1|0|0|0|1|1|1|1|
.CLOSE               "" |0|0|0|0|0|1|0|0|1|0|0|1|0|0|0|0|
.OPEN                "" |0|0|0|0|0|1|0|0|1|0|0|1|0|0|0|1|
WAIT                 "" |0|0|0|0|1|1|0|0|0|0|0|0|0|0|1|0|
WAITINTERRUPT        "" |0|0|0|0|1|1|0|0|0|0|0|0|0|0|1|1|
SENDMESSAGE          "" |0|0|0|0|1|1|0|0|0|0|0|0|0|1|0|0|
WAITANSWER           "" |0|0|0|0|1|1|0|0|0|0|0|0|0|1|0|1|
WAITEVENT            "" |0|0|0|0|1|1|0|0|0|0|0|0|0|1|1|0|
SENDANSWER           "" |0|0|0|0|1|1|0|0|0|0|0|0|0|1|1|1|
SEARCHITEM           "" |0|0|0|0|1|1|0|0|0|0|0|0|1|0|0|0|
CLEANPROCESS         "" |0|0|0|0|1|1|0|0|0|0|0|0|1|0|0|1|
BREAKPROCESS         "" |0|0|0|0|1|1|0|0|0|0|0|0|1|0|1|0|
STOPPROCESS          "" |0|0|0|0|1|1|0|0|0|0|0|0|1|0|1|1|
STARTPROCESS         "" |0|0|0|0|1|1|0|0|0|0|0|0|1|1|0|0|
RECHAIN              "" |0|0|0|0|1|1|0|0|0|0|0|0|1|1|0|1|
NEXTOPERATION        "" |0|0|0|0|1|1|0|0|0|1|1|1|0|1|0|0|
RETURNANSWER         "" |0|0|0|0|1|1|0|0|0|1|1|1|0|1|0|1|
WAITOPERATION        "" |0|0|0|0|1|1|0|0|0|1|1|1|0|1|1|1|
SETINTERRUPT         "" |0|0|0|0|1|1|0|0|0|1|1|1|1|0|0|0|
SETRESERVATION       "" |0|0|0|0|1|1|0|0|0|1|1|1|1|0|0|1|
SETCONVERSION        "" |0|0|0|0|1|1|0|0|0|1|1|1|1|0|1|0|
CONBYTE              "" |0|0|0|0|1|1|0|0|0|1|1|1|1|0|1|1|
GETBYTE              "" |0|0|0|0|1|1|0|0|0|1|1|1|1|1|0|0|
PUTBYTE              "" |0|0|0|0|1|1|0|0|0|1|1|1|1|1|0|1|
MULTIPLY             "" |0|0|0|0|1|1|0|0|0|1|1|1|1|1|1|0|
DIVIDE               "" |0|0|0|0|1|1|0|0|0|1|1|1|1|1|1|1|
GETREC               "" |0|0|0|0|1|1|0|0|1|0|0|0|0|0|0|0|
PUTREC               "" |0|0|0|0|1|1|0|0|1|0|0|0|0|0|0|1|
WAITTRANSFER         "" |0|0|0|0|1|1|0|0|1|0|0|0|0|0|1|0|
TRANSFER             "" |0|0|0|0|1|1|0|0|1|0|0|0|0|1|0|0|
INBLOCK              "" |0|0|0|0|1|1|0|0|1|0|0|0|0|1|0|1|
OUTBLOCK             "" |0|0|0|0|1|1|0|0|1|0|0|0|0|1|1|0|
INCHAR               "" |0|0|0|0|1|1|0|0|1|0|0|0|0|1|1|1|
FREESHARE            "" |0|0|0|0|1|1|0|0|1|0|0|0|1|0|0|0|
OUTSPACE             "" |0|0|0|0|1|1|0|0|1|0|0|0|1|0|0|1|
OUTCHAR              "" |0|0|0|0|1|1|0|0|1|0|0|0|1|0|1|0|
OUTNL                "" |0|0|0|0|1|1|0|0|1|0|0|0|1|0|1|1|
OUTEND               "" |0|0|0|0|1|1|0|0|1|0|0|0|1|1|0|0|
OUTTEXT              "" |0|0|0|0|1|1|0|0|1|0|0|0|1|1|0|1|
OUTOCTAL             "" |0|0|0|0|1|1|0|0|1|0|0|0|1|1|1|0|
SETPOSITION          "" |0|0|0|0|1|1|0|0|1|0|0|0|1|1|1|1|
CLOSE                "" |0|0|0|0|1|1|0|0|1|0|0|1|0|0|0|0|
OPEN                 "" |0|0|0|0|1|1|0|0|1|0|0|1|0|0|0|1|
WAITZONE             "" |0|0|0|0|1|1|0|0|1|0|0|1|0|0|1|0|
INNAME               "" |0|0|0|0|1|1|0|0|1|0|0|1|0|0|1|1|
MOVE                 "" |0|0|0|0|1|1|0|0|1|0|0|1|0|1|0|0|
INTPRETE             "" |0|0|0|0|1|1|0|0|1|0|0|1|0|1|0|1|
BINDEC               "" |0|0|0|0|1|1|0|0|1|0|0|1|1|0|1|0|
DECBIN               "" |0|0|0|0|1|1|0|0|1|0|0|1|1|0|1|1|
NEWCAT               "" |0|0|0|0|1|1|0|0|1|1|0|1|1|0|1|0|
FREECAT              "" |0|0|0|0|1|1|0|0|1|1|0|1|1|0|1|1|
CDELAY               "" |0|0|0|0|1|1|0|0|1|1|0|1|1|1|0|0|
WAITSE               "" |0|0|0|0|1|1|0|0|1|1|0|1|1|1|0|1|
WAITCH               "" |0|0|0|0|1|1|0|0|1|1|0|1|1|1|1|0|
CWANSW               "" |0|0|0|0|1|1|0|0|1|1|0|1|1|1|1|1|
CTEST                "" |0|0|0|0|1|1|0|0|1|1|1|0|0|0|0|0|
CPRINT               "" |0|0|0|0|1|1|0|0|1|1|1|0|0|0|0|1|
CTOUT                "" |0|0|0|0|1|1|0|0|1|1|1|0|0|0|1|0|
SIGNAL               "" |0|0|0|0|1|1|0|0|1|1|1|0|0|0|1|1|
SIGCH                "" |0|0|0|0|1|1|0|0|1|1|1|0|0|1|0|0|
CPASS                "" |0|0|0|0|1|1|0|0|1|1|1|0|0|1|0|1|
CREATEENTRY          "" |0|0|0|0|1|1|0|0|1|1|1|0|0|1|1|0|
LOOKUPENTRY          "" |0|0|0|0|1|1|0|0|1|1|1|0|0|1|1|1|
CHANGEENTRY          "" |0|0|0|0|1|1|0|0|1|1|1|0|1|0|0|0|
REMOVEENTRY          "" |0|0|0|0|1|1|0|0|1|1|1|0|1|0|0|1|
INITCATALOG          "" |0|0|0|0|1|1|0|0|1|1|1|0|1|0|1|0|
SETENTRY             "" |0|0|0|0|1|1|0|0|1|1|1|0|1|0|1|1|
COMON                "" |0|0|0|0|1|1|0|0|1|1|1|0|1|1|0|0|
CALL                 "" |0|0|0|0|1|1|0|0|1|1|1|0|1|1|0|1|
GOTO                 "" |0|0|0|0|1|1|0|0|1|1|1|0|1|1|1|0|
GETADR               "" |0|0|0|0|1|1|0|0|1|1|1|0|1|1|1|1|
GETPOINT             "" |0|0|0|0|1|1|0|0|1|1|1|1|0|0|0|0|
CSENDM               "" |0|0|0|0|1|1|0|0|1|1|1|1|0|1|0|0|
SIGGEN               "" |0|0|0|0|1|1|0|0|1|1|1|1|0|1|0|1|
WAITGE               "" |0|0|0|0|1|1|0|0|1|1|1|1|0|1|1|0|
CTOP                 "" |0|0|0|0|1|1|0|0|1|1|1|1|0|1|1|1|
